{
 "cells": [
  {
   "cell_type": "code",
   "execution_count": 42,
   "id": "32ac5980",
   "metadata": {},
   "outputs": [],
   "source": [
    "import polars as pl\n",
    "from scripts.database import engine"
   ]
  },
  {
   "cell_type": "code",
   "execution_count": 43,
   "id": "c27408ec",
   "metadata": {},
   "outputs": [
    {
     "name": "stderr",
     "output_type": "stream",
     "text": [
      "C:\\Users\\Ashish Maharana\\AppData\\Local\\Temp\\ipykernel_14204\\3608790450.py:31: DeprecationWarning: the `streaming` parameter was deprecated in 1.25.0; use `engine` instead.\n",
      "  .collect(streaming=True).corr()\n",
      "C:\\Users\\Ashish Maharana\\AppData\\Local\\Temp\\ipykernel_14204\\3608790450.py:40: DeprecationWarning: the `streaming` parameter was deprecated in 1.25.0; use `engine` instead.\n",
      "  .collect(streaming=True).corr()\n",
      "C:\\Users\\Ashish Maharana\\AppData\\Local\\Temp\\ipykernel_14204\\3608790450.py:61: DeprecationWarning: the `streaming` parameter was deprecated in 1.25.0; use `engine` instead.\n",
      "  .collect(streaming=True)\n"
     ]
    },
    {
     "data": {
      "text/plain": [
       "'Check 2 (Industry Fixed Effects):\\n'"
      ]
     },
     "metadata": {},
     "output_type": "display_data"
    },
    {
     "data": {
      "text/html": [
       "<div><style>\n",
       ".dataframe > thead > tr,\n",
       ".dataframe > tbody > tr {\n",
       "  text-align: right;\n",
       "  white-space: pre-wrap;\n",
       "}\n",
       "</style>\n",
       "<small>shape: (9, 9)</small><table border=\"1\" class=\"dataframe\"><thead><tr><th>volume</th><th>delivery_percentage</th><th>daily_hl_spread</th><th>daily_vwap_dev</th><th>oi_pcr</th><th>delta_oi_pcr</th><th>futures_basis</th><th>net_block_volume</th><th>avg_block_premium</th></tr><tr><td>f64</td><td>f64</td><td>f64</td><td>f64</td><td>f64</td><td>f64</td><td>f64</td><td>f64</td><td>f64</td></tr></thead><tbody><tr><td>1.0</td><td>-0.3057</td><td>0.454704</td><td>-0.126892</td><td>0.104445</td><td>0.009381</td><td>0.062949</td><td>0.010386</td><td>-0.167848</td></tr><tr><td>-0.3057</td><td>1.0</td><td>-0.327091</td><td>0.06727</td><td>0.001467</td><td>-0.007477</td><td>0.088814</td><td>-0.031915</td><td>0.052445</td></tr><tr><td>0.454704</td><td>-0.327091</td><td>1.0</td><td>0.034772</td><td>-0.046722</td><td>-0.034333</td><td>-0.096183</td><td>0.032414</td><td>-0.129242</td></tr><tr><td>-0.126892</td><td>0.06727</td><td>0.034772</td><td>1.0</td><td>-0.055734</td><td>-0.1055</td><td>-0.024535</td><td>-0.058581</td><td>0.285496</td></tr><tr><td>0.104445</td><td>0.001467</td><td>-0.046722</td><td>-0.055734</td><td>1.0</td><td>0.136632</td><td>0.39953</td><td>-0.002224</td><td>0.004309</td></tr><tr><td>0.009381</td><td>-0.007477</td><td>-0.034333</td><td>-0.1055</td><td>0.136632</td><td>1.0</td><td>0.103469</td><td>-0.002039</td><td>-0.011761</td></tr><tr><td>0.062949</td><td>0.088814</td><td>-0.096183</td><td>-0.024535</td><td>0.39953</td><td>0.103469</td><td>1.0</td><td>0.001329</td><td>0.007013</td></tr><tr><td>0.010386</td><td>-0.031915</td><td>0.032414</td><td>-0.058581</td><td>-0.002224</td><td>-0.002039</td><td>0.001329</td><td>1.0</td><td>-0.122439</td></tr><tr><td>-0.167848</td><td>0.052445</td><td>-0.129242</td><td>0.285496</td><td>0.004309</td><td>-0.011761</td><td>0.007013</td><td>-0.122439</td><td>1.0</td></tr></tbody></table></div>"
      ],
      "text/plain": [
       "shape: (9, 9)\n",
       "┌───────────┬───────────┬───────────┬───────────┬───┬───────────┬───────────┬───────────┬──────────┐\n",
       "│ volume    ┆ delivery_ ┆ daily_hl_ ┆ daily_vwa ┆ … ┆ delta_oi_ ┆ futures_b ┆ net_block ┆ avg_bloc │\n",
       "│ ---       ┆ percentag ┆ spread    ┆ p_dev     ┆   ┆ pcr       ┆ asis      ┆ _volume   ┆ k_premiu │\n",
       "│ f64       ┆ e         ┆ ---       ┆ ---       ┆   ┆ ---       ┆ ---       ┆ ---       ┆ m        │\n",
       "│           ┆ ---       ┆ f64       ┆ f64       ┆   ┆ f64       ┆ f64       ┆ f64       ┆ ---      │\n",
       "│           ┆ f64       ┆           ┆           ┆   ┆           ┆           ┆           ┆ f64      │\n",
       "╞═══════════╪═══════════╪═══════════╪═══════════╪═══╪═══════════╪═══════════╪═══════════╪══════════╡\n",
       "│ 1.0       ┆ -0.3057   ┆ 0.454704  ┆ -0.126892 ┆ … ┆ 0.009381  ┆ 0.062949  ┆ 0.010386  ┆ -0.16784 │\n",
       "│           ┆           ┆           ┆           ┆   ┆           ┆           ┆           ┆ 8        │\n",
       "│ -0.3057   ┆ 1.0       ┆ -0.327091 ┆ 0.06727   ┆ … ┆ -0.007477 ┆ 0.088814  ┆ -0.031915 ┆ 0.052445 │\n",
       "│ 0.454704  ┆ -0.327091 ┆ 1.0       ┆ 0.034772  ┆ … ┆ -0.034333 ┆ -0.096183 ┆ 0.032414  ┆ -0.12924 │\n",
       "│           ┆           ┆           ┆           ┆   ┆           ┆           ┆           ┆ 2        │\n",
       "│ -0.126892 ┆ 0.06727   ┆ 0.034772  ┆ 1.0       ┆ … ┆ -0.1055   ┆ -0.024535 ┆ -0.058581 ┆ 0.285496 │\n",
       "│ 0.104445  ┆ 0.001467  ┆ -0.046722 ┆ -0.055734 ┆ … ┆ 0.136632  ┆ 0.39953   ┆ -0.002224 ┆ 0.004309 │\n",
       "│ 0.009381  ┆ -0.007477 ┆ -0.034333 ┆ -0.1055   ┆ … ┆ 1.0       ┆ 0.103469  ┆ -0.002039 ┆ -0.01176 │\n",
       "│           ┆           ┆           ┆           ┆   ┆           ┆           ┆           ┆ 1        │\n",
       "│ 0.062949  ┆ 0.088814  ┆ -0.096183 ┆ -0.024535 ┆ … ┆ 0.103469  ┆ 1.0       ┆ 0.001329  ┆ 0.007013 │\n",
       "│ 0.010386  ┆ -0.031915 ┆ 0.032414  ┆ -0.058581 ┆ … ┆ -0.002039 ┆ 0.001329  ┆ 1.0       ┆ -0.12243 │\n",
       "│           ┆           ┆           ┆           ┆   ┆           ┆           ┆           ┆ 9        │\n",
       "│ -0.167848 ┆ 0.052445  ┆ -0.129242 ┆ 0.285496  ┆ … ┆ -0.011761 ┆ 0.007013  ┆ -0.122439 ┆ 1.0      │\n",
       "└───────────┴───────────┴───────────┴───────────┴───┴───────────┴───────────┴───────────┴──────────┘"
      ]
     },
     "metadata": {},
     "output_type": "display_data"
    },
    {
     "data": {
      "text/plain": [
       "'Check 3 (Pure Ticker):\\n'"
      ]
     },
     "metadata": {},
     "output_type": "display_data"
    },
    {
     "data": {
      "text/html": [
       "<div><style>\n",
       ".dataframe > thead > tr,\n",
       ".dataframe > tbody > tr {\n",
       "  text-align: right;\n",
       "  white-space: pre-wrap;\n",
       "}\n",
       "</style>\n",
       "<small>shape: (9, 9)</small><table border=\"1\" class=\"dataframe\"><thead><tr><th>volume</th><th>delivery_percentage</th><th>daily_hl_spread</th><th>daily_vwap_dev</th><th>oi_pcr</th><th>delta_oi_pcr</th><th>futures_basis</th><th>net_block_volume</th><th>avg_block_premium</th></tr><tr><td>f64</td><td>f64</td><td>f64</td><td>f64</td><td>f64</td><td>f64</td><td>f64</td><td>f64</td><td>f64</td></tr></thead><tbody><tr><td>1.0</td><td>-0.486032</td><td>0.572254</td><td>-0.147945</td><td>0.048867</td><td>-0.005996</td><td>0.028225</td><td>-0.006289</td><td>-0.254237</td></tr><tr><td>-0.486032</td><td>1.0</td><td>-0.327035</td><td>0.071326</td><td>-0.132766</td><td>0.006211</td><td>-0.055885</td><td>0.017133</td><td>0.054509</td></tr><tr><td>0.572254</td><td>-0.327035</td><td>1.0</td><td>-0.034845</td><td>-0.001757</td><td>-0.010768</td><td>-0.007709</td><td>0.057952</td><td>-0.236065</td></tr><tr><td>-0.147945</td><td>0.071326</td><td>-0.034845</td><td>1.0</td><td>-0.042574</td><td>-0.036249</td><td>-0.044014</td><td>-0.072968</td><td>0.367803</td></tr><tr><td>0.048867</td><td>-0.132766</td><td>-0.001757</td><td>-0.042574</td><td>1.0</td><td>0.049229</td><td>0.479709</td><td>-0.00368</td><td>0.006498</td></tr><tr><td>-0.005996</td><td>0.006211</td><td>-0.010768</td><td>-0.036249</td><td>0.049229</td><td>1.0</td><td>0.228612</td><td>-0.000012</td><td>0.000021</td></tr><tr><td>0.028225</td><td>-0.055885</td><td>-0.007709</td><td>-0.044014</td><td>0.479709</td><td>0.228612</td><td>1.0</td><td>-0.001593</td><td>0.002813</td></tr><tr><td>-0.006289</td><td>0.017133</td><td>0.057952</td><td>-0.072968</td><td>-0.00368</td><td>-0.000012</td><td>-0.001593</td><td>1.0</td><td>-0.150861</td></tr><tr><td>-0.254237</td><td>0.054509</td><td>-0.236065</td><td>0.367803</td><td>0.006498</td><td>0.000021</td><td>0.002813</td><td>-0.150861</td><td>1.0</td></tr></tbody></table></div>"
      ],
      "text/plain": [
       "shape: (9, 9)\n",
       "┌───────────┬───────────┬───────────┬───────────┬───┬───────────┬───────────┬───────────┬──────────┐\n",
       "│ volume    ┆ delivery_ ┆ daily_hl_ ┆ daily_vwa ┆ … ┆ delta_oi_ ┆ futures_b ┆ net_block ┆ avg_bloc │\n",
       "│ ---       ┆ percentag ┆ spread    ┆ p_dev     ┆   ┆ pcr       ┆ asis      ┆ _volume   ┆ k_premiu │\n",
       "│ f64       ┆ e         ┆ ---       ┆ ---       ┆   ┆ ---       ┆ ---       ┆ ---       ┆ m        │\n",
       "│           ┆ ---       ┆ f64       ┆ f64       ┆   ┆ f64       ┆ f64       ┆ f64       ┆ ---      │\n",
       "│           ┆ f64       ┆           ┆           ┆   ┆           ┆           ┆           ┆ f64      │\n",
       "╞═══════════╪═══════════╪═══════════╪═══════════╪═══╪═══════════╪═══════════╪═══════════╪══════════╡\n",
       "│ 1.0       ┆ -0.486032 ┆ 0.572254  ┆ -0.147945 ┆ … ┆ -0.005996 ┆ 0.028225  ┆ -0.006289 ┆ -0.25423 │\n",
       "│           ┆           ┆           ┆           ┆   ┆           ┆           ┆           ┆ 7        │\n",
       "│ -0.486032 ┆ 1.0       ┆ -0.327035 ┆ 0.071326  ┆ … ┆ 0.006211  ┆ -0.055885 ┆ 0.017133  ┆ 0.054509 │\n",
       "│ 0.572254  ┆ -0.327035 ┆ 1.0       ┆ -0.034845 ┆ … ┆ -0.010768 ┆ -0.007709 ┆ 0.057952  ┆ -0.23606 │\n",
       "│           ┆           ┆           ┆           ┆   ┆           ┆           ┆           ┆ 5        │\n",
       "│ -0.147945 ┆ 0.071326  ┆ -0.034845 ┆ 1.0       ┆ … ┆ -0.036249 ┆ -0.044014 ┆ -0.072968 ┆ 0.367803 │\n",
       "│ 0.048867  ┆ -0.132766 ┆ -0.001757 ┆ -0.042574 ┆ … ┆ 0.049229  ┆ 0.479709  ┆ -0.00368  ┆ 0.006498 │\n",
       "│ -0.005996 ┆ 0.006211  ┆ -0.010768 ┆ -0.036249 ┆ … ┆ 1.0       ┆ 0.228612  ┆ -0.000012 ┆ 0.000021 │\n",
       "│ 0.028225  ┆ -0.055885 ┆ -0.007709 ┆ -0.044014 ┆ … ┆ 0.228612  ┆ 1.0       ┆ -0.001593 ┆ 0.002813 │\n",
       "│ -0.006289 ┆ 0.017133  ┆ 0.057952  ┆ -0.072968 ┆ … ┆ -0.000012 ┆ -0.001593 ┆ 1.0       ┆ -0.15086 │\n",
       "│           ┆           ┆           ┆           ┆   ┆           ┆           ┆           ┆ 1        │\n",
       "│ -0.254237 ┆ 0.054509  ┆ -0.236065 ┆ 0.367803  ┆ … ┆ 0.000021  ┆ 0.002813  ┆ -0.150861 ┆ 1.0      │\n",
       "└───────────┴───────────┴───────────┴───────────┴───┴───────────┴───────────┴───────────┴──────────┘"
      ]
     },
     "metadata": {},
     "output_type": "display_data"
    },
    {
     "data": {
      "text/plain": [
       "'Check 3 COCHINSHIP vs Aerospace & Defense Baseline:\\n'"
      ]
     },
     "metadata": {},
     "output_type": "display_data"
    },
    {
     "data": {
      "text/html": [
       "<div><style>\n",
       ".dataframe > thead > tr,\n",
       ".dataframe > tbody > tr {\n",
       "  text-align: right;\n",
       "  white-space: pre-wrap;\n",
       "}\n",
       "</style>\n",
       "<small>shape: (18, 18)</small><table border=\"1\" class=\"dataframe\"><thead><tr><th>volume</th><th>delivery_percentage</th><th>daily_hl_spread</th><th>daily_vwap_dev</th><th>oi_pcr</th><th>delta_oi_pcr</th><th>futures_basis</th><th>net_block_volume</th><th>avg_block_premium</th><th>volume_industry</th><th>delivery_percentage_industry</th><th>daily_hl_spread_industry</th><th>daily_vwap_dev_industry</th><th>oi_pcr_industry</th><th>delta_oi_pcr_industry</th><th>futures_basis_industry</th><th>net_block_volume_industry</th><th>avg_block_premium_industry</th></tr><tr><td>f64</td><td>f64</td><td>f64</td><td>f64</td><td>f64</td><td>f64</td><td>f64</td><td>f64</td><td>f64</td><td>f64</td><td>f64</td><td>f64</td><td>f64</td><td>f64</td><td>f64</td><td>f64</td><td>f64</td><td>f64</td></tr></thead><tbody><tr><td>1.0</td><td>-0.486032</td><td>0.572254</td><td>-0.147945</td><td>0.048867</td><td>-0.005996</td><td>0.028225</td><td>-0.006289</td><td>-0.254237</td><td>0.525275</td><td>-0.302015</td><td>0.265499</td><td>-0.12521</td><td>0.26492</td><td>0.025988</td><td>0.141989</td><td>0.011357</td><td>-0.176834</td></tr><tr><td>-0.486032</td><td>1.0</td><td>-0.327035</td><td>0.071326</td><td>-0.132766</td><td>0.006211</td><td>-0.055885</td><td>0.017133</td><td>0.054509</td><td>-0.391486</td><td>0.644812</td><td>-0.072092</td><td>0.120355</td><td>-0.308536</td><td>-0.032112</td><td>-0.257276</td><td>-0.017102</td><td>0.065032</td></tr><tr><td>0.572254</td><td>-0.327035</td><td>1.0</td><td>-0.034845</td><td>-0.001757</td><td>-0.010768</td><td>-0.007709</td><td>0.057952</td><td>-0.236065</td><td>0.385844</td><td>-0.20867</td><td>0.741866</td><td>-0.003893</td><td>0.078239</td><td>-0.02857</td><td>0.00108</td><td>0.022826</td><td>-0.163253</td></tr><tr><td>-0.147945</td><td>0.071326</td><td>-0.034845</td><td>1.0</td><td>-0.042574</td><td>-0.036249</td><td>-0.044014</td><td>-0.072968</td><td>0.367803</td><td>-0.058486</td><td>0.049284</td><td>0.032838</td><td>0.742663</td><td>-0.041897</td><td>-0.086945</td><td>-0.04672</td><td>-0.006809</td><td>0.278236</td></tr><tr><td>0.048867</td><td>-0.132766</td><td>-0.001757</td><td>-0.042574</td><td>1.0</td><td>0.049229</td><td>0.479709</td><td>-0.00368</td><td>0.006498</td><td>0.117864</td><td>-0.207594</td><td>0.008361</td><td>-0.052563</td><td>0.517025</td><td>0.024279</td><td>0.458771</td><td>0.008899</td><td>-0.009722</td></tr><tr><td>&hellip;</td><td>&hellip;</td><td>&hellip;</td><td>&hellip;</td><td>&hellip;</td><td>&hellip;</td><td>&hellip;</td><td>&hellip;</td><td>&hellip;</td><td>&hellip;</td><td>&hellip;</td><td>&hellip;</td><td>&hellip;</td><td>&hellip;</td><td>&hellip;</td><td>&hellip;</td><td>&hellip;</td><td>&hellip;</td></tr><tr><td>0.26492</td><td>-0.308536</td><td>0.078239</td><td>-0.041897</td><td>0.517025</td><td>0.035237</td><td>0.257584</td><td>-0.020491</td><td>-0.031999</td><td>0.347994</td><td>-0.280708</td><td>-0.030842</td><td>-0.107514</td><td>1.0</td><td>0.175078</td><td>0.396465</td><td>0.004461</td><td>-0.06122</td></tr><tr><td>0.025988</td><td>-0.032112</td><td>-0.02857</td><td>-0.086945</td><td>0.024279</td><td>0.168576</td><td>0.03534</td><td>-0.004176</td><td>-0.000923</td><td>0.026696</td><td>-0.04635</td><td>-0.054092</td><td>-0.177199</td><td>0.175078</td><td>1.0</td><td>0.014532</td><td>-0.002285</td><td>-0.029911</td></tr><tr><td>0.141989</td><td>-0.257276</td><td>0.00108</td><td>-0.04672</td><td>0.458771</td><td>0.188377</td><td>0.763552</td><td>-0.009394</td><td>-0.020164</td><td>0.173187</td><td>-0.204135</td><td>-0.086188</td><td>-0.051573</td><td>0.396465</td><td>0.014532</td><td>1.0</td><td>0.004613</td><td>-0.015836</td></tr><tr><td>0.011357</td><td>-0.017102</td><td>0.022826</td><td>-0.006809</td><td>0.008899</td><td>-0.010582</td><td>0.001507</td><td>0.024736</td><td>-0.004623</td><td>-0.108352</td><td>-0.050985</td><td>0.016704</td><td>-0.01183</td><td>0.004461</td><td>-0.002285</td><td>0.004613</td><td>1.0</td><td>-0.023974</td></tr><tr><td>-0.176834</td><td>0.065032</td><td>-0.163253</td><td>0.278236</td><td>-0.009722</td><td>0.035264</td><td>0.023028</td><td>-0.084115</td><td>0.639311</td><td>-0.143036</td><td>0.076568</td><td>-0.150481</td><td>0.346832</td><td>-0.06122</td><td>-0.029911</td><td>-0.015836</td><td>-0.023974</td><td>1.0</td></tr></tbody></table></div>"
      ],
      "text/plain": [
       "shape: (18, 18)\n",
       "┌───────────┬───────────┬───────────┬───────────┬───┬───────────┬───────────┬───────────┬──────────┐\n",
       "│ volume    ┆ delivery_ ┆ daily_hl_ ┆ daily_vwa ┆ … ┆ delta_oi_ ┆ futures_b ┆ net_block ┆ avg_bloc │\n",
       "│ ---       ┆ percentag ┆ spread    ┆ p_dev     ┆   ┆ pcr_indus ┆ asis_indu ┆ _volume_i ┆ k_premiu │\n",
       "│ f64       ┆ e         ┆ ---       ┆ ---       ┆   ┆ try       ┆ stry      ┆ ndustry   ┆ m_indust │\n",
       "│           ┆ ---       ┆ f64       ┆ f64       ┆   ┆ ---       ┆ ---       ┆ ---       ┆ ry       │\n",
       "│           ┆ f64       ┆           ┆           ┆   ┆ f64       ┆ f64       ┆ f64       ┆ ---      │\n",
       "│           ┆           ┆           ┆           ┆   ┆           ┆           ┆           ┆ f64      │\n",
       "╞═══════════╪═══════════╪═══════════╪═══════════╪═══╪═══════════╪═══════════╪═══════════╪══════════╡\n",
       "│ 1.0       ┆ -0.486032 ┆ 0.572254  ┆ -0.147945 ┆ … ┆ 0.025988  ┆ 0.141989  ┆ 0.011357  ┆ -0.17683 │\n",
       "│           ┆           ┆           ┆           ┆   ┆           ┆           ┆           ┆ 4        │\n",
       "│ -0.486032 ┆ 1.0       ┆ -0.327035 ┆ 0.071326  ┆ … ┆ -0.032112 ┆ -0.257276 ┆ -0.017102 ┆ 0.065032 │\n",
       "│ 0.572254  ┆ -0.327035 ┆ 1.0       ┆ -0.034845 ┆ … ┆ -0.02857  ┆ 0.00108   ┆ 0.022826  ┆ -0.16325 │\n",
       "│           ┆           ┆           ┆           ┆   ┆           ┆           ┆           ┆ 3        │\n",
       "│ -0.147945 ┆ 0.071326  ┆ -0.034845 ┆ 1.0       ┆ … ┆ -0.086945 ┆ -0.04672  ┆ -0.006809 ┆ 0.278236 │\n",
       "│ 0.048867  ┆ -0.132766 ┆ -0.001757 ┆ -0.042574 ┆ … ┆ 0.024279  ┆ 0.458771  ┆ 0.008899  ┆ -0.00972 │\n",
       "│           ┆           ┆           ┆           ┆   ┆           ┆           ┆           ┆ 2        │\n",
       "│ …         ┆ …         ┆ …         ┆ …         ┆ … ┆ …         ┆ …         ┆ …         ┆ …        │\n",
       "│ 0.26492   ┆ -0.308536 ┆ 0.078239  ┆ -0.041897 ┆ … ┆ 0.175078  ┆ 0.396465  ┆ 0.004461  ┆ -0.06122 │\n",
       "│ 0.025988  ┆ -0.032112 ┆ -0.02857  ┆ -0.086945 ┆ … ┆ 1.0       ┆ 0.014532  ┆ -0.002285 ┆ -0.02991 │\n",
       "│           ┆           ┆           ┆           ┆   ┆           ┆           ┆           ┆ 1        │\n",
       "│ 0.141989  ┆ -0.257276 ┆ 0.00108   ┆ -0.04672  ┆ … ┆ 0.014532  ┆ 1.0       ┆ 0.004613  ┆ -0.01583 │\n",
       "│           ┆           ┆           ┆           ┆   ┆           ┆           ┆           ┆ 6        │\n",
       "│ 0.011357  ┆ -0.017102 ┆ 0.022826  ┆ -0.006809 ┆ … ┆ -0.002285 ┆ 0.004613  ┆ 1.0       ┆ -0.02397 │\n",
       "│           ┆           ┆           ┆           ┆   ┆           ┆           ┆           ┆ 4        │\n",
       "│ -0.176834 ┆ 0.065032  ┆ -0.163253 ┆ 0.278236  ┆ … ┆ -0.029911 ┆ -0.015836 ┆ -0.023974 ┆ 1.0      │\n",
       "└───────────┴───────────┴───────────┴───────────┴───┴───────────┴───────────┴───────────┴──────────┘"
      ]
     },
     "metadata": {},
     "output_type": "display_data"
    }
   ],
   "source": [
    "\n",
    "query = \"\"\"\n",
    "    SELECT \n",
    "        m.ticker, m.date::DATE AS ReportDate, meta.Industry,\n",
    "        m.Volume, m.Delivery_Percentage, m.daily_hl_spread, m.daily_vwap_dev,\n",
    "        m.oi_pcr, m.delta_oi_pcr, m.futures_basis, m.net_block_volume, m.avg_block_premium\n",
    "    FROM mv_unified_market_matrix m\n",
    "    INNER JOIN market_metadata meta ON m.ticker = meta.Ticker\n",
    "\"\"\"\n",
    "\n",
    "features = [\n",
    "    \"volume\", \"delivery_percentage\", \"daily_hl_spread\", \"daily_vwap_dev\",\n",
    "    \"oi_pcr\", \"delta_oi_pcr\", \"futures_basis\", \"net_block_volume\", \"avg_block_premium\"\n",
    "]\n",
    "target_industry = \"Aerospace & Defense\"\n",
    "target_ticker = \"COCHINSHIP\"\n",
    "\n",
    "# --- Check 2: Industry Beta + Ticker Alpha ---\n",
    "with engine.stream_lazy(query) as stream_1:\n",
    "    check_1 = (\n",
    "        pl.from_arrow(stream_1).lazy()\n",
    "        .filter(pl.col(\"Industry\") == target_industry)\n",
    "        .with_columns([\n",
    "            ((pl.col(f) - pl.col(f).mean().over(\"ticker\")) /\n",
    "             pl.when(pl.col(f).std().over(\"ticker\") == 0)\n",
    "             .then(1.0)\n",
    "             .otherwise(pl.col(f).std().over(\"ticker\"))\n",
    "            ).alias(f)\n",
    "            for f in features\n",
    "        ])\n",
    "        .select(features)\n",
    "        .collect(streaming=True).corr()\n",
    "    )\n",
    "\n",
    " #--- Check 3: Ticker Beta + Ticker Alpha ---\n",
    "with engine.stream_lazy(query) as stream_2:\n",
    "    check_2 = (\n",
    "        pl.from_arrow(stream_2).lazy()\n",
    "        .filter(pl.col(\"ticker\") == target_ticker)\n",
    "        .select(features)\n",
    "        .collect(streaming=True).corr()\n",
    "    )\n",
    "    \n",
    "\n",
    "with engine.stream_lazy(query) as stream_3:\n",
    "  \n",
    "      \n",
    "      base_lf = pl.from_arrow(stream_3).lazy().filter(pl.col(\"Industry\") == target_industry)\n",
    "\n",
    "      industry_factor_lf = (\n",
    "          base_lf          .group_by(\"ReportDate\")\n",
    "          .agg([\n",
    "              pl.col(f).mean().alias(f\"{f}_industry\")\n",
    "              for f in features\n",
    "          ])\n",
    "      )\n",
    "\n",
    "      ticker_vs_industry = (\n",
    "          base_lf\n",
    "          .filter(pl.col(\"ticker\") == target_ticker)\n",
    "          .join(industry_factor_lf, on=\"ReportDate\", how=\"inner\")\n",
    "          .collect(streaming=True)\n",
    "      )\n",
    "\n",
    "      check_3 = ticker_vs_industry.select(\n",
    "          features + [f\"{f}_industry\" for f in features]\n",
    "      ).corr()\n",
    "\n",
    "\n",
    "display(\"Check 2 (Industry Fixed Effects):\\n\", check_1)\n",
    "display(\"Check 3 (Pure Ticker):\\n\", check_2)\n",
    "display(f\"Check 3 {target_ticker} vs {target_industry} Baseline:\\n\", check_3)"
   ]
  }
 ],
 "metadata": {
  "kernelspec": {
   "display_name": ".venv",
   "language": "python",
   "name": "python3"
  },
  "language_info": {
   "codemirror_mode": {
    "name": "ipython",
    "version": 3
   },
   "file_extension": ".py",
   "mimetype": "text/x-python",
   "name": "python",
   "nbconvert_exporter": "python",
   "pygments_lexer": "ipython3",
   "version": "3.11.9"
  }
 },
 "nbformat": 4,
 "nbformat_minor": 5
}
